0.1061
0.3198	0.2946
0.7757	0.0831	3.7402
0.4203	2.2925	0.7298	0.1917
0.5732	1.5135	0.6613	0.0804	0.0472
1.1439	0.1694	0.2969	14.4357	0.1240	2.6107
4.5784	1.1333	1.7182	1.7008	3.0184	0.2402	1.2988
0.2288	3.6268	6.7416	0.9790	0.9238	11.5334	0.1748	0.4226
0.1813	0.4035	3.3071	0.2026	1.1035	0.0360	0.1455	0.2130	0.3783
0.2479	0.6999	0.0524	0.0511	0.9787	1.9415	0.1767	0.1227	2.0221	8.4118
0.2539	4.8454	2.8960	0.0737	0.0127	2.0878	1.8954	0.2431	0.1291	0.8757	0.0671
0.2789	0.5275	0.3188	0.0070	0.3257	0.6558	0.2869	0.1426	0.2035	18.3744	12.2068	1.1775
0.1619	0.0534	0.1920	0.1484	8.6516	0.0004	0.0062	0.1445	0.4651	7.0948	9.6277	0.0314	0.0002
3.5073	0.5553	0.1729	0.1281	0.0683	2.9740	0.3631	0.1975	1.9506	0.3400	1.8583	0.2795	0.1763	0.1314
2.9284	0.6978	5.4945	0.3705	5.3276	0.3797	0.2199	3.1931	0.4717	1.0779	0.7654	0.2875	0.1083	1.1515	2.5739
8.3405	0.4079	3.4532	0.2093	0.3117	0.4817	0.3388	0.3683	0.2624	5.6670	0.2805	1.3114	3.0573	0.1066	2.9369	6.2435
0.0009	2.8702	0.0013	0.0394	16.0205	0.1045	0.0907	1.1359	0.0026	0.1135	3.4244	0.0484	0.4081	5.0420	0.0808	0.3737	0.1307
0.0787	0.1452	1.4621	1.0154	10.0356	0.2916	0.0456	0.0917	7.9403	0.2664	0.2017	0.0692	0.2200	29.7316	0.0924	0.5524	0.0585	2.0792
9.6657	0.1650	0.2206	0.9509	0.8191	0.4538	1.5773	2.9214	0.2632	20.7835	6.0261	0.3013	8.0328	1.8094	0.5843	0.3202	1.2069	0.2519	0.2341

0.1000	0.0499	0.0528	0.0502	0.0080	0.0717	0.0688	0.0661	0.0241	0.0270	0.0614	0.0566	0.0198	0.0151	0.0688	0.1282	0.0717	0.0030	0.0134	0.0434